4.000000000000000000e+00 -2.158987180711976706e+00 4.000000000000000000e+00 -2.158975962738296950e+00
6.000000000000000000e+00 -2.773990167270858898e+00 6.000000000000000000e+00 -2.810095697532386527e+00
8.000000000000000000e+00 -3.571928092321357884e+00 8.000000000000000000e+00 -3.546889081641487973e+00
1.000000000000000000e+01 -4.284694020452107566e+00 1.000000000000000000e+01 -4.317951925476593900e+00
1.200000000000000000e+01 -5.023678292319991634e+00 1.200000000000000000e+01 -5.106149499174702733e+00
1.400000000000000000e+01 -5.211583679118358958e+00 1.400000000000000000e+01 -5.904138347080241545e+00
1.600000000000000000e+01 -6.639746251201902538e+00 1.600000000000000000e+01 -6.708246741365423205e+00
1.800000000000000000e+01 -7.444174328840844623e+00 1.800000000000000000e+01 -7.516434833237035207e+00
2.000000000000000000e+01 -8.052560373762460699e+00 2.000000000000000000e+01 -8.327478713419147027e+00
2.200000000000000000e+01 -8.203028707459580460e+00 2.200000000000000000e+01 -9.140599530554348817e+00
2.400000000000000000e+01 -8.980007071868779889e+00 2.400000000000000000e+01 -9.955278050404370305e+00
2.600000000000000000e+01 -9.855360824509229900e+00 2.600000000000000000e+01 -1.077115480311194418e+01
2.800000000000000000e+01 -8.820876298966636497e+00 2.800000000000000000e+01 -1.158797302449330857e+01
3.000000000000000000e+01 -1.161629585582340241e+01 3.000000000000000000e+01 -1.240554442081370823e+01
