8.201280136490597172e+00
8.205997115403398823e+00
8.200153472311059843e+00
8.205016400281326838e+00
8.201213926437121771e+00
8.199994001913632147e+00
8.193852985940150546e+00
8.199576207378621362e+00
8.198184803874442039e+00
8.193022659834188204e+00
8.207536570728075631e+00
8.194951998685192862e+00
8.181906374130070603e+00
8.185148171743383827e+00
8.182909304080398627e+00
8.194547508503381650e+00
8.166408943601521031e+00
8.171327713005361204e+00
8.161749233447123331e+00
8.131714232743982862e+00
8.113531167425975354e+00
8.122312231209546596e+00
8.062288333059461465e+00
8.081889928936536904e+00
8.009770646337853961e+00
8.011727711093508120e+00
7.923891429490417693e+00
7.894543270133528523e+00
7.857672310965570617e+00
7.705981839664612920e+00
7.677514830207242014e+00
7.621898749132867579e+00
7.393761308686915612e+00
7.263718385620115292e+00
7.053350103318499542e+00
6.964872367590605684e+00
6.619999972455961057e+00
6.315482077808726835e+00
6.132344269683010829e+00
5.823895670269965130e+00
5.348550754402668694e+00
5.086413798235980721e+00
4.423945413200790711e+00
3.828427632090816601e+00
3.635291853284113195e+00
2.819983355515037093e+00
2.293694553869626951e+00
1.907480457083069680e+00
1.268811550095544360e+00
8.301289945617486010e-01
2.165646435096286737e-01
-2.789224790249436037e-01
-7.110151575144355585e-01
-1.086054907390900270e+00
-1.405486253015591158e+00
-1.800663613244951167e+00
-2.001729515566772477e+00
-2.394469064980812689e+00
-2.424020799476653387e+00
-2.708291213622544547e+00
-3.018794855402621824e+00
-3.252429626555723097e+00
-3.317916102411860191e+00
-3.531989860527078751e+00
-3.692668328320789506e+00
-3.761202691349399441e+00
-3.942693970507698431e+00
-4.042425239290694527e+00
-4.133583915517174745e+00
-4.228475827480049354e+00
-4.341450593649232914e+00
-4.496526037076694848e+00
-4.580610816967575438e+00
-4.651076263973012992e+00
-4.780521344363208414e+00
-4.701346845358502335e+00
-4.910821583654485956e+00
-4.974507616405000832e+00
-5.015017163120826460e+00
-5.092305177688627893e+00
-5.193502683537391640e+00
-5.229668136703184977e+00
-5.271616260469593307e+00
-5.377357091037958448e+00
-5.395835251445094016e+00
-5.492838478139686842e+00
-5.507492301682249902e+00
-5.563736838106819960e+00
-5.599554858526023082e+00
-5.699951669011241506e+00
-5.661392352560681296e+00
-5.755944573487288274e+00
-5.704786461176600376e+00
-5.801234879932179567e+00
-5.815341901433389360e+00
-5.849962715428823401e+00
-5.822616005922855997e+00
-5.967902829966216238e+00
-6.018006256258774833e+00
-6.018234009179747268e+00
-5.971239625894320113e+00
-5.985770270828246531e+00
-6.061348170237525146e+00
-6.023417290205230756e+00
-6.083377518522604888e+00
-6.153337601757380426e+00
-6.067426601428745236e+00
-6.195595088420397190e+00
-6.185922759400823701e+00
-6.192170334920631625e+00
-6.192058486332007838e+00
-6.237539345105914457e+00
-6.224434504582463390e+00
-6.287939174400070108e+00
-6.259459602140553969e+00
-6.396568056542332847e+00
-6.306849585323731411e+00
-6.381360964004606728e+00
-6.410141572463238901e+00
-6.406101750825408558e+00
-6.414089064997307688e+00
-6.461081977144186972e+00
-6.465525343802561942e+00
-6.487672158862055838e+00
-6.554541856432318347e+00
-6.570711381866693124e+00
-6.527824612994601594e+00
-6.522238452022768307e+00
-6.574126251874255367e+00
-6.628810075243880107e+00
-6.641835260520432271e+00
-6.682703591559432610e+00
-6.675033203578172980e+00
-6.668371304761947727e+00
-6.707868650585463222e+00
-6.753607803070012849e+00
-6.680496878531749338e+00
-6.758922152065868438e+00
-6.895746508391805918e+00
-6.811700603647757646e+00
-6.845616845854203270e+00
-6.759895847087604714e+00
-6.801831952143676752e+00
-6.822766170863502566e+00
-6.866273189205107208e+00
-7.005368640809609637e+00
-6.902909280506174028e+00
-6.964172259152063837e+00
-6.994093563362473454e+00
-6.969712811323560686e+00
-7.010981073781183959e+00
-7.036886201150289288e+00
-7.030835382554002422e+00
-7.021242026721621343e+00
-7.024585067150725948e+00
-6.996979995640917771e+00
-7.076238866709598341e+00
-7.102300238163515189e+00
-7.099876200555313766e+00
-7.151681200377762337e+00
-7.121343026662929176e+00
-7.090909215821596945e+00
-7.166844369934048053e+00
-7.147196351717466811e+00
-7.099578429753405473e+00
-7.203933786588699206e+00
-7.196133057075710049e+00
-7.205178506850224096e+00
-7.194479682654094432e+00
-7.241289784299013377e+00
-7.214053583415633852e+00
-7.209173128972150124e+00
-7.218392203032327537e+00
-7.226530345101431330e+00
-7.160472467598299140e+00
-7.261676583615536806e+00
-7.289967704802836401e+00
-7.257042603054787655e+00
-7.242378007786318683e+00
-7.278967955013142976e+00
-7.315644102900906276e+00
-7.264822539014049951e+00
-7.277159223086199447e+00
-7.218803564746981039e+00
-7.290972430789549819e+00
-7.251443543079972187e+00
-7.313001376311575541e+00
-7.264902834562839473e+00
-7.281457588498577493e+00
-7.298515706874167286e+00
-7.298441898760657409e+00
-7.334205316195036239e+00
-7.342067226177629635e+00
-7.274608405209575857e+00
-7.302524461986005022e+00
-7.294773376009217714e+00
-7.306505157292347619e+00
-7.293524962970268533e+00
-7.325635603905006121e+00
-7.329269392937082905e+00
-7.317812091586907819e+00
-7.344223945224979566e+00
-7.306719431979254331e+00
-7.318804462276528255e+00
-7.311777922041313715e+00
-7.339141974694484816e+00
-7.336435608895652827e+00
-7.313247475694466537e+00
-7.306831629536304717e+00
-7.321770793691908530e+00
-7.344192917484133609e+00
-7.293014649358608992e+00
-7.335145505859921755e+00
-7.344077883172037247e+00
-7.330586776666939919e+00
-7.327554544004616588e+00
-7.343829600466505347e+00
-7.353990009012251861e+00
-7.323407558603419965e+00
-7.253824661700662091e+00
-7.347927744825859087e+00
-7.344715542728630808e+00
-7.359560557128716596e+00
-7.347165693666759090e+00
-7.354247396730592357e+00
-7.351851802070744846e+00
-7.362790001683325869e+00
-7.377537686135817729e+00
-7.363382883932874989e+00
-7.342619228748150206e+00
-7.363197829649323012e+00
-7.370820804923444491e+00
-7.359302473041446468e+00
-7.368945477013582490e+00
-7.369541493735765059e+00
-7.368919069854069193e+00
-7.377745495129648390e+00
-7.371403531131595521e+00
-7.358128490651917986e+00
-7.356391334921338121e+00
-7.372360248984840325e+00
-7.378803527261447393e+00
-7.359508886322385202e+00
-7.370476091534217566e+00
-7.385647265887164359e+00
-7.383694030412990550e+00
-7.387942820657686482e+00
-7.383257016209130441e+00
-7.360996749380561255e+00
-7.384253145822551545e+00
-7.363933800076427616e+00
-7.383911454415579279e+00
-7.383327489782543829e+00
-7.369757141094066100e+00
-7.382163864135674380e+00
-7.399874600162101856e+00
-7.366876297231873316e+00
-7.381070682284776474e+00
-7.372779813298127927e+00
-7.387612386903952277e+00
-7.375301775204611054e+00
-7.385541668585383412e+00
-7.388270556060504646e+00
-7.389491602741074416e+00
-7.389329973792900574e+00
-7.385302437141021414e+00
-7.394134319963389324e+00
-7.391147057236152840e+00
-7.397274235865634928e+00
-7.373528114483014484e+00
-7.399952358470724079e+00
-7.400636596820961088e+00
-7.405368595448037716e+00
-7.396362278763531251e+00
-7.411472069820204567e+00
-7.394355711937214970e+00
-7.394224332160052704e+00
-7.398634601205556827e+00
-7.393269918268225993e+00
-7.422449723468841576e+00
-7.410272393066349217e+00
-7.414068105897704264e+00
-7.377036417364665866e+00
-7.424426266835098431e+00
-7.407856966369570806e+00
-7.412227856640051904e+00
-7.382124360708238520e+00
-7.398916081838986969e+00
-7.401036710494217630e+00
-7.413250939196315059e+00
-7.413647083197576038e+00
-7.396405091401637044e+00
-7.397302761097662938e+00
-7.425057176394794567e+00
-7.410542519035709930e+00
-7.401434047134846317e+00
-7.407489305394429735e+00
-7.389621333032401651e+00
-7.423507384532276099e+00
-7.411727685130481191e+00
-7.412243660861958183e+00
-7.400563871408595951e+00
-7.398171797814344863e+00
-7.406624051739605363e+00
-7.420279254298121963e+00
-7.407524905808849702e+00
-7.405762916314476918e+00
-7.423475763266411676e+00
-7.420919028571828058e+00
-7.393174627133280552e+00
-7.411415054645688727e+00
-7.395538614815494682e+00
-7.397633851783531611e+00
-7.419579958087427762e+00
-7.411844043714359564e+00
-7.391367979213780082e+00
-7.407505689275461158e+00
-7.429588676944501202e+00
-7.421562890766057130e+00
-7.421575356352658304e+00
-7.394114446570136501e+00
-7.396283503116992009e+00
-7.433566754822250822e+00
-7.402839500356858338e+00
-7.411902502192009301e+00
-7.425721057330601838e+00
-7.426359570956697631e+00
-7.426559019322144017e+00
-7.407853187290637464e+00
-7.411475160662176265e+00
-7.411150102655421179e+00
-7.426480357921133368e+00
-7.422308740232079316e+00
-7.417276630377118707e+00
-7.406645799469903757e+00
-7.411048208536065829e+00
-7.433438022099839060e+00
-7.426513208630858287e+00
-7.409364330942627141e+00
-7.417456743413595177e+00
-7.410544979076241212e+00
-7.421246532542170371e+00
-7.409679069710127131e+00
-7.417907747261526019e+00
-7.394574119034404980e+00
-7.426349589486442859e+00
-7.409440910376095424e+00
-7.413572941964581275e+00
-7.418588026707124250e+00
-7.424362946560211007e+00
-7.417016239625123575e+00
-7.431901059327314485e+00
-7.399921813658607128e+00
-7.426550033463507283e+00
-7.437324062270768366e+00
-7.415245744110896986e+00
-7.414567315718384677e+00
-7.410406649135663493e+00
-7.413121579593036969e+00
-7.415171283717599593e+00
-7.406194348762682012e+00
-7.405608293475343551e+00
-7.413066527962854479e+00
-7.430600402386363434e+00
-7.435693080733916993e+00
-7.429463040460569268e+00
-7.421978330416509451e+00
-7.421765513837928374e+00
-7.426422788505972150e+00
-7.421569225359215594e+00
-7.405226722848913035e+00
-7.435652103146706438e+00
-7.436653707533622537e+00
-7.409618209385849141e+00
-7.422596398145401508e+00
-7.418330748535116648e+00
-7.435099609073607674e+00
-7.421176726605766660e+00
-7.445863809503182829e+00
-7.417747001331176371e+00
-7.434141329003988830e+00
-7.416604333445703467e+00
-7.432536111714865612e+00
-7.418196047133447379e+00
-7.411257210702952847e+00
-7.422100648372553344e+00
-7.445490181281374298e+00
-7.419191405667134198e+00
-7.446763120235121214e+00
-7.425802317794323315e+00
-7.421637800583837041e+00
-7.426844548536785773e+00
-7.431715537723324161e+00
-7.440455014371051057e+00
-7.428660016972464142e+00
-7.423829702646176365e+00
-7.443477684400370720e+00
-7.423100403644780521e+00
-7.419766630367626625e+00
-7.429337180948900610e+00
-7.444784554626024509e+00
-7.441585334052293277e+00
-7.427170504436122478e+00
-7.437120090136485118e+00
-7.413737403659192537e+00
-7.416210608252575831e+00
-7.446806846240769495e+00
-7.432743548511182574e+00
-7.421346469924486655e+00
-7.434670375846208046e+00
-7.430399375374929782e+00
-7.441719248095649775e+00
-7.422639051811957600e+00
-7.436292670456020382e+00
-7.425997561108984790e+00
-7.403682192536118478e+00
-7.438816348512000687e+00
-7.406634114169808214e+00
-7.439946361749822046e+00
-7.447724404620963412e+00
-7.430931763545789437e+00
-7.447375687530466415e+00
-7.439429759096349848e+00
-7.411983983462903325e+00
-7.451333441535587632e+00
-7.426210882232073374e+00
-7.417632494652477426e+00
-7.441885479329965136e+00
-7.433175604722899621e+00
-7.430525641477490062e+00
-7.442989906155642821e+00
-7.419417532410763627e+00
-7.442954153299705666e+00
-7.444331918093561207e+00
-7.443770793048553713e+00
-7.440765958802422197e+00
-7.424471198596352295e+00
-7.467985009175456490e+00
-7.447293916425292259e+00
-7.442402176440516826e+00
-7.428749675273376596e+00
-7.434409750028826203e+00
-7.453837840187306440e+00
-7.428812283539371286e+00
-7.444598442441472841e+00
-7.452129388528199172e+00
-7.468489789007664470e+00
-7.420865687146245726e+00
-7.424917101131203623e+00
-7.455082042085426686e+00
-7.441914501412699501e+00
-7.426153750566739653e+00
-7.444192998623982760e+00
-7.437322327468601557e+00
-7.440379031905104412e+00
-7.462172302493363496e+00
-7.423415880094125896e+00
-7.417066529991035218e+00
-7.446598895749126257e+00
-7.422470994897533814e+00
-7.413704138523560694e+00
-7.438721657812206622e+00
-7.439115540708994168e+00
-7.435987870478722783e+00
-7.440512749704598860e+00
-7.441482012827299819e+00
-7.434322272515646368e+00
-7.418567314613311758e+00
-7.441338588540203247e+00
-7.449457985629345025e+00
-7.438769983253759932e+00
-7.430054074295344257e+00
-7.435700276735604852e+00
-7.415321738580768596e+00
-7.431584119867524763e+00
-7.439376594319784708e+00
-7.433997770289515472e+00
-7.457997832448601372e+00
-7.456404123561917174e+00
-7.445390602653052525e+00
-7.452214514092069919e+00
-7.429160838101981135e+00
-7.440294065490639319e+00
-7.449387814655461071e+00
-7.467482124925035158e+00
-7.421590040884666450e+00
-7.444892730181345009e+00
-7.424486679515532650e+00
-7.421148658673347498e+00
-7.440913631222000113e+00
-7.431969543285615210e+00
-7.454204020195474456e+00
-7.446271885028890480e+00
-7.446733990310536733e+00
-7.446055031777062183e+00
-7.435967263932024451e+00
-7.475573507918177540e+00
-7.427136720373083811e+00
-7.429732638127561017e+00
-7.436113646974886748e+00
-7.445346214024996634e+00
-7.429144841973872815e+00
-7.453129135411278305e+00
-7.458480689257398488e+00
-7.435827780086132321e+00
-7.446308882000884921e+00
-7.443590250346775683e+00
-7.431623505977624333e+00
-7.456421544356796716e+00
-7.452712551074057501e+00
-7.422151454751687361e+00
-7.448994034528779729e+00
-7.454987216295051233e+00
-7.441106747940111177e+00
-7.448285487473862432e+00
-7.445583480581340119e+00
-7.421449225743641520e+00
-7.445417532971267072e+00
-7.451112690585150133e+00
-7.462703086895201565e+00
-7.422595071553878654e+00
-7.433453237947579062e+00
-7.447393794647587661e+00
-7.449109377039341950e+00
-7.446499376885870269e+00
-7.464255984223675533e+00
-7.422382640404443954e+00
-7.433807650268945189e+00
-7.463539286753915647e+00
-7.419831315126261373e+00
-7.453663910473276033e+00
-7.469328745784658885e+00
-7.446522152931457583e+00
-7.439100941419876989e+00
-7.444803224738615555e+00
-7.466717819237752352e+00
-7.421319526147907908e+00
-7.428530014205562360e+00
-7.437108440675941345e+00
-7.441087763809584033e+00
-7.428974466893091488e+00
-7.429140333031549304e+00
-7.453913712155510574e+00
-7.447142117707514331e+00
-7.429823809825565561e+00
-7.445829786614720724e+00
-7.426927212305137971e+00
-7.452486950289188172e+00
-7.443250881240587091e+00
-7.442407837165382567e+00
