4.000000000000000000e+00 -2.158966755310251173e+00 4.000000000000000000e+00 -2.158975962738296950e+00
4.000000000000000000e+00 -9.241422354631835256e-01 4.000000000000000000e+00 -2.158975962738296950e+00
6.000000000000000000e+00 -2.500025997102917508e+00 6.000000000000000000e+00 -2.810095697532386527e+00
8.000000000000000000e+00 -3.531061614018736972e+00 8.000000000000000000e+00 -3.546889081641487973e+00
1.000000000000000000e+01 -4.317125724062949921e+00 1.000000000000000000e+01 -4.317951925476593900e+00
1.200000000000000000e+01 -5.030298482720978015e+00 1.200000000000000000e+01 -5.106149499174702733e+00
4.000000000000000000e+00 -2.013049650136000679e+00 4.000000000000000000e+00 -2.158975962738296950e+00
6.000000000000000000e+00 -2.102309154710438222e+00 6.000000000000000000e+00 -2.810095697532386527e+00
8.000000000000000000e+00 -3.526960245943802530e+00 8.000000000000000000e+00 -3.546889081641487973e+00
1.000000000000000000e+01 -4.283621869600414911e+00 1.000000000000000000e+01 -4.317951925476593900e+00
4.000000000000000000e+00 -2.158681065255706688e+00 4.000000000000000000e+00 -2.158975962738296950e+00
6.000000000000000000e+00 -2.809611302052828385e+00 6.000000000000000000e+00 -2.810095697532386527e+00
8.000000000000000000e+00 -3.567640790480559154e+00 8.000000000000000000e+00 -3.546889081641487973e+00
1.000000000000000000e+01 -4.311176174506952563e+00 1.000000000000000000e+01 -4.317951925476593900e+00
1.200000000000000000e+01 -5.073449615099988819e+00 1.200000000000000000e+01 -5.106149499174702733e+00
1.400000000000000000e+01 -5.801685362482039920e+00 1.400000000000000000e+01 -5.904138347080241545e+00
1.600000000000000000e+01 -6.659283300146597639e+00 1.600000000000000000e+01 -6.708246741365423205e+00
1.800000000000000000e+01 -6.973611402943512338e+00 1.800000000000000000e+01 -7.516434833237035207e+00
2.000000000000000000e+01 -6.704997408460153352e+00 2.000000000000000000e+01 -8.327478713419147027e+00
2.200000000000000000e+01 -8.765725595858281594e+00 2.200000000000000000e+01 -9.140599530554348817e+00
2.400000000000000000e+01 -9.028223428395390826e+00 2.400000000000000000e+01 -9.955278050404370305e+00
2.600000000000000000e+01 -1.032804557221327713e+01 2.600000000000000000e+01 -1.077115480311194418e+01
2.800000000000000000e+01 -7.582863002781312645e+00 2.800000000000000000e+01 -1.158797302449330857e+01
3.000000000000000000e+01 -1.152579900289080150e+01 3.000000000000000000e+01 -1.240554442081370823e+01
