4.000000000000000000e+00 -1.445793822472918544e+00 4.000000000000000000e+00 -2.158975962738296950e+00
6.000000000000000000e+00 -2.811270714135534199e+00 6.000000000000000000e+00 -2.810095697532386527e+00
8.000000000000000000e+00 -3.569777869588451225e+00 8.000000000000000000e+00 -3.546889081641487973e+00
1.000000000000000000e+01 -4.305071034108140182e+00 1.000000000000000000e+01 -4.317951925476593900e+00
1.200000000000000000e+01 -4.797314472904184335e+00 1.200000000000000000e+01 -5.106149499174702733e+00
1.400000000000000000e+01 -5.865758588243030758e+00 1.400000000000000000e+01 -5.904138347080241545e+00
1.600000000000000000e+01 -6.564364674652761522e+00 1.600000000000000000e+01 -6.708246741365423205e+00
1.800000000000000000e+01 -6.001168155364775991e+00 1.800000000000000000e+01 -7.516434833237035207e+00
2.000000000000000000e+01 -7.694222933537710141e+00 2.000000000000000000e+01 -8.327478713419147027e+00
2.200000000000000000e+01 -8.062996592791085604e+00 2.200000000000000000e+01 -9.140599530554348817e+00
2.400000000000000000e+01 -8.856290193150000434e+00 2.400000000000000000e+01 -9.955278050404370305e+00
2.600000000000000000e+01 -1.043454159548855742e+01 2.600000000000000000e+01 -1.077115480311194418e+01
2.800000000000000000e+01 -9.725978307484513863e+00 2.800000000000000000e+01 -1.158797302449330857e+01
