0.000000000000000000e+00 -8.999999999999987566e+00 -9.000000000000000000e+00 0.000000000000000000e+00
1.745329251994329478e-01 -9.020062448861214222e+00 -8.993204507128250924e+00 2.276451184568060171e-01
3.490658503988658956e-01 -9.342859136164761935e+00 -9.251160927943587353e+00 4.631541772429406678e-01
5.235987755982988157e-01 -1.072995406800443519e+01 -1.070268388038706497e+01 1.098796884764385029e-01
6.981317007977317912e-01 -1.260604024028751979e+01 -1.259688377184819430e+01 3.176604620627312275e-02
8.726646259971647668e-01 -1.439791743507188038e+01 -1.439800104963615723e+01 1.068221301840136493e-02
1.047197551196597631e+00 -1.591379028642449533e+01 -1.591142046705805235e+01 3.240530186843173892e-03
1.221730476396030607e+00 -1.705461016401147489e+01 -1.705442078006168671e+01 6.201552457680794455e-04
1.396263401595463582e+00 -1.776099135572664878e+01 -1.776105927053203004e+01 1.291498065880183335e-04
1.570796326794896558e+00 -1.800000000000001066e+01 -1.799999321689009335e+01 1.895271955657203018e-07
